1,6
1,5
1,7
1,1
1,3
1,4
1,2
2,1
2,5
2,8
2,9
2,6
2,4
2,2
2,3
2,10
2,7
2,11
2,12
2,13
2,15
2,14
2,16
2,18
2,17
2,19
2,22
2,21
2,23
2,20
2,27
2,25
2,28
2,26
2,24
2,29
2,32
2,33
2,31
2,35
2,30
2,36
2,38
2,37
2,34
2,42
2,39
2,46
2,40
2,41
2,43
2,44
2,45
2,52
2,50
2,47
2,49
2,51
2,48
2,53
2,54
2,55
2,57
2,58
2,56
2,59
2,60
2,61
2,62
2,64
2,63
2,69
2,68
2,70
2,66
2,72
2,71
2,67
2,65
2,73
2,75
2,77
2,76
2,74
2,78
2,79
2,80
2,82
2,81
2,86
2,84
2,87
2,83
2,90
2,88
2,92
2,85
2,91
2,89
2,93
2,94
2,99
2,95
2,100
2,96
2,98
2,97
2,103
2,101
2,105
2,107
2,102
2,108
2,109
2,106
2,104
2,110
2,111
2,112
2,114
2,113
2,115
2,116
2,117
2,118
2,119
2,120
2,122
2,121
2,126
2,123
2,127
2,124
2,128
2,130
2,125
2,132
2,129
2,131
2,133
2,136
2,139
2,135
2,137
2,134
2,141
2,138
2,140
2,142
2,145
2,149
2,147
2,144
2,146
2,148
2,143
2,150
2,151
2,156
2,155
2,152
2,153
2,157
2,154
2,159
2,158
2,160
2,162
2,163
2,161
2,166
2,167
2,168
2,165
2,169
2,164
2,172
2,174
2,171
2,170
2,175
2,176
2,173
2,177
2,178
2,181
2,179
2,180
2,182
2,183
2,185
2,186
2,184
2,192
2,189
2,190
2,188
2,187
2,193
2,191
2,194
2,201
2,195
2,196
2,199
2,197
2,202
2,198
2,200
2,206
2,209
2,204
2,203
2,210
2,205
2,208
2,207
2,211
2,212
2,218
2,216
2,215
2,213
2,217
2,214
2,219
2,220
2,221
2,222
2,223
2,227
2,226
2,225
2,224
2,228
2,229
2,230
2,232
2,231
2,233
2,236
2,234
2,235
2,237
2,238
2,239
2,242
2,244
2,241
2,240
2,243
2,246
2,245
2,250
2,252
2,249
2,248
2,251
2,247
2,254
2,257
2,256
2,253
2,259
2,260
2,258
2,255
2,261
2,262
2,263
2,264
2,265
2,268
2,266
2,270
2,271
2,267
2,274
2,272
2,269
2,273
2,276
2,277
2,275
2,280
2,278
2,279
2,281
2,284
2,283
2,282
3,1
2,285
3,2
3,5
3,6
3,8
2,286
3,3
3,9
3,4
3,7
3,10
3,12
3,11
3,15
3,16
3,14
3,17
3,13
3,22
3,18
3,19
3,20
3,21
3,23
3,25
3,24
3,30
3,29
3,27
3,26
3,32
3,31
3,28
3,33
3,35
3,36
3,40
3,38
3,37
3,34
3,42
3,39
3,43
3,41
3,44
3,46
3,45
3,51
3,47
3,48
3,50
3,49
3,52
3,56
3,53
3,57
3,58
3,54
3,60
3,55
3,59
3,63
3,62
3,65
3,66
3,64
3,68
3,69
3,70
3,67
3,61
3,71
3,72
3,74
3,73
3,76
3,77
3,80
3,78
3,75
3,79
3,81
3,82
3,83
3,84
3,89
3,85
3,86
3,88
3,90
3,87
3,91
3,92
3,94
3,98
3,95
3,96
3,99
3,97
3,93
3,101
3,100
3,103
3,102
3,108
3,107
3,106
3,105
3,109
3,111
3,104
3,110
3,113
3,114
3,116
3,120
3,115
3,118
3,112
3,117
3,119
3,121
3,123
3,126
3,125
3,124
3,127
3,122
3,128
3,129
3,131
3,132
3,136
3,133
3,130
3,135
3,138
3,134
3,137
3,139
3,140
3,141
3,146
3,145
3,142
3,143
3,147
3,144
3,148
3,150
3,149
3,151
3,155
3,157
3,153
3,156
3,152
3,154
3,158
3,160
3,163
3,162
3,164
3,166
3,165
3,161
3,167
3,159
3,168
3,169
3,171
3,170
3,177
3,176
3,172
3,173
3,178
3,175
3,174
3,179
3,180
3,182
3,181
3,184
3,186
3,189
3,185
3,183
3,187
3,188
3,190
3,191
3,192
3,194
3,193
3,197
3,198
3,196
3,200
3,199
3,195
4,1
4,4
4,2
4,5
4,6
4,10
4,8
4,7
4,9
4,3
4,11
4,13
4,12
4,14
4,17
4,18
4,16
4,21
4,15
4,20
4,22
4,19
4,23
4,27
4,30
4,24
4,26
4,28
4,29
4,31
4,25
4,32
4,35
4,37
4,38
4,39
4,40
4,36
4,33
4,34
4,45
4,41
4,42
4,44
4,43
4,50
4,48
4,49
4,47
4,52
4,46
4,51
4,53
4,56
4,54
4,55
4,57
4,61
4,58
4,59
4,60
4,62
4,63
4,64
4,67
4,65
4,70
4,66
4,68
4,71
4,72
4,69
4,73
4,74
4,75
4,77
4,76
4,80
4,78
4,79
4,81
4,83
4,82
4,84
4,87
4,86
4,85
4,89
4,90
4,91
4,92
4,88
4,95
4,93
4,94
4,96
4,98
4,100
4,99
4,97
4,101
4,103
4,102
4,104
4,106
4,105
4,109
4,108
4,111
4,107
4,110
4,112
4,113
4,114
4,115
4,121
4,116
4,118
4,120
4,122
4,119
4,117
4,123
4,126
4,124
4,127
4,125
4,132
4,130
4,129
4,131
4,133
4,134
4,128
4,135
4,136
4,138
4,143
4,139
4,141
4,137
4,144
4,142
4,140
4,145
4,146
4,152
4,147
4,151
4,149
4,148
4,153
4,150
4,154
4,161
4,155
4,156
4,160
4,158
4,162
4,157
4,159
4,164
4,167
4,165
4,166
4,163
4,170
4,168
4,169
4,174
4,175
4,171
4,173
4,172
4,176
5,2
5,1
5,10
5,9
5,4
5,5
5,6
5,8
5,7
5,3
5,11
5,16
5,13
5,17
5,14
5,15
5,12
5,18
5,19
5,20
5,21
5,24
5,22
5,25
5,23
5,26
5,28
5,27
5,29
5,30
5,34
5,31
5,32
5,36
5,37
5,35
5,33
5,38
5,46
5,39
5,40
5,42
5,43
5,44
5,41
5,45
5,47
5,53
5,49
5,50
5,52
5,55
5,48
5,51
5,54
5,57
5,56
5,58
5,62
5,61
5,59
5,60
5,63
5,65
5,66
5,70
5,68
5,64
5,71
5,67
5,69
5,72
5,80
5,74
5,76
5,79
5,78
5,77
5,75
5,73
5,81
5,86
5,85
5,82
5,84
5,87
5,88
5,83
5,89
5,92
5,91
5,90
5,95
5,96
5,94
5,93
5,97
5,98
5,99
5,100
5,101
5,102
5,104
5,107
5,106
5,105
5,108
5,103
5,109
5,111
5,110
5,112
5,113
5,114
5,115
5,120
5,116
5,118
5,117
5,119
6,1
6,4
6,2
6,3
6,5
6,8
6,6
6,7
6,9
6,10
6,11
6,12
6,15
6,13
6,18
6,16
6,17
6,19
6,14
6,22
6,21
6,20
6,24
6,23
6,27
6,25
6,26
6,29
6,31
6,30
6,28
6,32
6,34
6,33
6,36
6,35
6,37
6,40
6,39
6,43
6,41
6,42
6,44
6,45
6,38
6,46
6,47
6,48
6,49
6,53
6,51
6,54
6,50
6,56
6,55
6,52
6,57
6,59
6,58
6,60
6,62
6,64
6,63
6,61
6,65
6,66
6,67
6,68
6,72
6,69
6,70
6,71
6,74
6,76
6,75
6,73
6,80
6,77
6,78
6,84
6,79
6,82
6,81
6,83
6,85
6,86
6,87
6,90
6,89
6,88
6,91
6,95
6,94
6,92
6,93
6,96
6,97
6,98
6,101
6,106
6,102
6,99
6,100
6,104
6,103
6,105
6,107
6,109
6,110
6,108
6,115
6,111
6,117
6,113
6,118
6,112
6,114
6,116
6,120
6,119
6,123
6,126
6,122
6,127
6,124
6,129
6,121
6,125
6,128
6,130
6,132
6,133
6,134
6,131
6,135
6,137
6,140
6,139
6,136
6,138
6,141
6,142
6,143
6,144
6,145
6,147
6,148
6,146
6,153
6,154
6,150
6,149
6,151
6,152
6,155
6,156
6,157
6,162
6,161
6,163
6,159
6,164
6,160
6,158
7,5
7,1
7,4
7,2
6,165
7,7
7,6
7,3
7,10
7,8
7,9
7,14
7,15
7,13
7,12
7,16
7,17
7,11
7,18
7,20
7,21
7,19
7,22
7,23
7,25
7,24
7,28
7,29
7,27
7,30
7,26
7,36
7,33
7,34
7,32
7,35
7,31
7,39
7,37
7,41
7,38
7,40
7,42
7,44
7,45
7,47
7,46
7,43
7,48
7,49
7,50
7,51
7,52
7,55
7,53
7,56
7,54
7,57
7,59
7,58
7,61
7,60
7,62
7,63
7,66
7,67
7,68
7,70
7,69
7,64
7,71
7,65
7,72
7,73
7,76
7,74
7,75
7,78
7,80
7,79
7,77
7,81
7,83
7,82
7,86
7,85
7,84
7,87
7,91
7,90
7,88
7,89
7,92
7,93
7,96
7,94
7,97
7,100
7,98
7,95
7,102
7,99
7,101
7,104
7,103
7,106
7,107
7,105
7,108
7,109
7,110
7,111
7,112
7,114
7,115
7,113
7,116
7,119
7,118
7,117
7,122
7,121
7,120
7,125
7,123
7,126
7,124
7,128
7,130
7,127
7,132
7,129
7,134
7,131
7,133
7,135
7,136
7,137
7,140
7,139
7,138
7,141
7,142
7,143
7,144
7,147
7,146
7,151
7,152
7,149
7,150
7,145
7,148
7,153
7,154
7,159
7,158
7,156
7,155
7,161
7,160
7,157
7,165
7,164
7,162
7,168
7,167
7,163
7,169
7,166
7,174
7,177
7,171
7,173
7,170
7,176
7,175
7,172
7,178
7,181
7,183
7,182
7,185
7,184
7,180
7,179
7,186
7,187
7,188
7,191
7,192
7,193
7,194
7,196
7,189
7,195
7,197
7,198
7,190
7,200
7,199
7,201
7,202
7,205
7,203
7,204
7,206
8,2
8,3
8,5
8,1
8,6
8,4
8,7
8,8
8,9
8,10
8,14
8,13
8,12
8,15
8,11
8,18
8,16
8,20
8,21
8,22
8,23
8,19
8,24
8,17
8,25
8,27
8,29
8,26
8,28
8,31
8,33
8,32
8,30
8,34
8,37
8,38
8,36
8,39
8,40
8,35
8,42
8,41
8,43
8,44
8,45
8,48
8,46
8,51
8,52
8,47
8,50
8,49
8,53
8,54
8,55
8,61
8,59
8,57
8,56
8,62
8,64
8,58
8,60
8,63
8,66
8,67
8,65
8,69
8,68
8,70
8,74
8,71
8,72
8,75
9,2
9,1
8,73
9,3
9,4
9,10
9,7
9,8
9,9
9,5
9,6
9,11
9,12
9,14
9,18
9,15
9,13
9,17
9,16
9,19
9,20
9,21
9,22
9,27
9,26
9,23
9,24
9,28
9,25
9,29
9,32
9,30
9,31
9,35
9,33
9,34
9,36
9,39
9,40
9,37
9,38
9,41
9,43
9,42
9,45
9,46
9,44
9,51
9,50
9,48
9,49
9,47
9,52
9,54
9,53
9,55
9,59
9,56
9,57
9,58
9,61
9,62
9,63
9,60
9,65
9,66
9,64
9,69
9,67
9,71
9,68
9,70
9,72
9,73
9,74
9,76
9,75
9,78
9,77
9,79
9,82
9,83
9,86
9,81
9,80
9,85
9,84
9,87
9,89
9,88
9,92
9,90
9,93
9,91
9,94
9,96
9,95
9,97
9,99
9,98
9,100
9,103
9,102
9,105
9,104
9,101
9,106
9,107
9,109
9,108
9,110
9,111
9,115
9,112
9,113
9,114
9,116
9,117
9,119
9,118
9,121
9,124
9,120
9,122
9,123
9,125
9,126
9,127
9,129
9,128
10,1
10,4
10,3
10,5
10,2
10,6
10,8
10,7
10,13
10,9
10,10
10,14
10,11
10,12
10,16
10,15
10,17
10,18
10,22
10,21
10,23
10,20
10,19
10,24
10,25
10,29
10,28
10,33
10,32
10,26
10,30
10,31
10,27
10,34
10,40
10,41
10,39
10,38
10,37
10,36
10,35
10,42
10,44
10,43
10,48
10,47
10,49
10,46
10,50
10,52
10,51
10,45
10,53
10,55
10,56
10,60
10,54
10,57
10,59
10,58
10,61
10,62
10,63
10,66
10,67
10,65
10,69
10,64
10,70
10,71
10,68
10,72
10,73
10,76
10,75
10,77
10,74
10,78
10,80
10,79
10,81
10,82
10,86
10,85
10,83
10,84
10,89
10,91
10,88
10,94
10,90
10,87
10,92
10,93
10,95
10,96
10,97
10,101
10,103
10,102
10,99
10,105
10,106
10,98
10,100
10,104
10,108
10,107
10,109
11,4
11,2
11,1
11,3
11,5
11,7
11,6
11,9
11,8
11,11
11,10
11,13
11,14
11,12
11,15
11,16
11,19
11,18
11,21
11,17
11,22
11,20
11,23
11,26
11,24
11,25
11,30
11,27
11,29
11,28
11,31
11,32
11,34
11,33
11,36
11,37
11,39
11,38
11,41
11,35
11,42
11,40
11,43
11,45
11,44
11,51
11,47
11,46
11,48
11,49
11,50
11,52
11,53
11,55
11,54
11,57
11,58
11,60
11,59
11,56
11,61
11,64
11,62
11,63
11,66
11,65
11,67
11,68
11,72
11,69
11,71
11,70
11,75
11,73
11,76
11,74
11,79
11,77
11,80
11,81
11,82
11,83
11,86
11,85
11,84
11,88
11,78
11,90
11,89
11,92
11,87
11,93
11,95
11,94
11,91
11,96
11,97
11,99
11,100
11,98
11,102
11,103
11,101
11,104
11,106
11,105
11,108
11,107
11,111
11,110
11,109
11,113
11,115
11,112
11,117
11,114
11,116
11,121
11,122
11,120
11,123
12,2
11,119
12,1
11,118
12,4
12,3
12,8
12,5
12,7
12,12
12,9
12,10
12,11
12,6
12,16
12,14
12,13
12,15
12,17
12,20
12,19
12,18
12,25
12,22
12,28
12,26
12,27
12,21
12,23
12,24
12,29
12,32
12,34
12,31
12,35
12,30
12,33
12,36
12,39
12,38
12,42
12,37
12,44
12,41
12,45
12,43
12,40
12,46
12,48
12,47
12,49
12,50
12,54
12,51
12,52
12,53
12,55
12,57
12,61
12,60
12,58
12,56
12,62
12,59
12,63
12,64
12,65
12,66
12,72
12,68
12,71
12,67
12,70
12,73
12,74
12,69
12,78
12,79
12,75
12,76
12,80
12,77
12,81
12,82
12,85
12,84
12,86
12,83
12,87
12,88
12,89
12,90
12,91
12,92
12,95
12,94
12,93
12,97
12,96
12,98
12,99
12,102
12,101
12,103
12,107
12,104
12,105
12,106
12,109
12,108
12,100
12,110
13,1
13,2
13,3
12,111
13,6
13,9
13,5
13,10
13,7
13,4
13,8
13,12
13,18
13,13
13,11
13,14
13,17
13,15
13,19
13,16
13,21
13,20
13,22
13,24
13,25
13,26
13,23
13,27
13,30
13,29
13,32
13,28
13,31
13,34
13,33
13,35
13,36
13,40
13,38
13,37
13,43
13,42
13,39
13,41
14,1
14,2
14,8
14,6
14,7
14,3
14,9
14,5
14,4
14,12
14,11
14,14
14,15
14,16
14,10
14,17
14,13
14,18
14,20
14,19
14,21
14,25
14,23
14,22
14,29
14,27
14,28
14,24
14,26
14,30
14,32
14,31
14,36
14,33
14,39
14,38
14,34
14,37
14,40
14,35
14,44
14,42
14,43
14,45
14,41
14,47
14,46
14,48
14,51
14,49
14,50
15,2
14,52
15,3
15,4
15,6
15,1
15,5
15,11
15,8
15,10
15,13
15,9
15,7
15,12
15,14
15,15
15,20
15,19
15,23
15,18
15,17
15,22
15,16
15,21
15,25
15,24
15,30
15,27
15,28
15,26
15,32
15,31
15,29
15,33
15,35
15,37
15,34
15,38
15,36
15,40
15,43
15,41
15,39
15,42
15,46
15,45
15,47
15,48
15,49
15,50
15,44
15,51
15,52
15,53
15,55
15,54
15,59
15,56
15,58
15,57
15,61
15,60
15,62
15,64
15,66
15,63
15,65
15,67
15,68
15,69
15,70
15,71
15,73
15,77
15,74
15,75
15,72
15,79
15,76
15,78
15,80
15,81
15,82
15,83
15,84
15,86
15,85
15,88
15,89
15,91
15,90
15,87
15,92
15,97
15,96
15,93
15,94
15,98
15,95
15,99
16,1
16,6
16,7
16,2
16,5
16,3
16,8
16,4
16,9
16,12
16,10
16,14
16,11
16,13
16,17
16,15
16,16
16,19
16,18
16,20
16,21
16,22
16,23
16,24
16,27
16,25
16,26
16,28
16,29
16,32
16,30
16,31
16,33
16,34
16,35
16,36
16,39
16,37
16,38
16,42
16,45
16,41
16,40
16,46
16,47
16,43
16,50
16,48
16,44
16,51
16,49
16,53
16,52
16,54
16,55
16,60
16,58
16,59
16,61
16,57
16,56
16,62
16,64
16,65
16,63
16,69
16,66
16,70
16,68
16,67
16,71
16,73
16,72
16,74
16,78
16,76
16,80
16,79
16,81
16,82
16,75
16,77
16,85
16,84
16,83
16,88
16,87
16,86
16,90
16,91
16,95
16,89
16,96
16,93
16,92
16,94
16,99
16,104
16,97
16,102
16,100
16,98
16,103
16,105
16,101
16,107
16,109
16,108
16,106
16,113
16,111
16,110
16,117
16,114
16,112
16,115
16,119
16,118
16,116
16,121
16,122
16,123
16,127
16,128
16,120
16,124
16,126
16,125
17,3
17,2
17,1
17,6
17,10
17,8
17,5
17,9
17,4
17,7
17,11
17,18
17,14
17,13
17,19
17,17
17,12
17,16
17,15
17,22
17,20
17,25
17,27
17,24
17,23
17,26
17,21
17,28
17,34
17,30
17,35
17,31
17,32
17,33
17,29
17,36
17,37
17,43
17,38
17,41
17,40
17,39
17,44
17,42
17,48
17,45
17,47
17,49
17,50
17,46
17,53
17,56
17,52
17,51
17,54
17,55
17,58
17,57
17,59
17,63
17,61
17,66
17,62
17,67
17,65
17,60
17,64
17,68
17,69
17,72
17,74
17,70
17,71
17,73
17,76
17,75
17,77
17,78
17,81
17,80
17,83
17,84
17,79
17,82
17,86
17,85
17,87
17,90
17,89
17,88
17,91
17,92
17,94
17,93
17,96
17,95
17,98
17,102
17,97
17,99
17,100
17,101
17,103
17,104
17,109
17,105
17,107
17,108
17,111
17,110
18,1
18,2
18,3
18,4
17,106
18,7
18,5
18,6
18,8
18,10
18,9
18,11
18,13
18,12
18,14
18,15
18,16
18,18
18,23
18,22
18,19
18,20
18,24
18,21
18,17
18,25
18,33
18,26
18,32
18,30
18,27
18,31
18,29
18,28
18,36
18,35
18,37
18,40
18,41
18,34
18,38
18,39
18,42
18,43
18,44
18,48
18,47
18,45
18,46
18,49
18,51
18,52
18,50
18,53
18,54
18,56
18,55
18,58
18,59
18,57
18,64
18,62
18,61
18,60
18,63
18,65
18,66
18,67
18,69
18,68
18,72
18,70
18,73
18,71
18,75
18,74
18,76
18,77
18,78
18,79
18,81
18,84
18,82
18,80
18,85
18,83
18,86
18,89
18,92
18,88
18,87
18,91
18,90
18,95
18,96
18,93
18,97
18,94
18,100
18,99
18,101
18,98
18,102
18,103
18,106
18,104
18,105
18,107
18,108
18,110
19,1
19,3
18,109
19,6
19,2
19,4
19,5
19,8
19,9
19,7
19,12
19,10
19,14
19,13
19,15
19,11
19,16
19,18
19,20
19,19
19,17
19,21
19,22
19,25
19,23
19,24
19,27
19,26
19,29
19,28
19,32
19,31
19,30
19,33
19,34
19,35
19,36
19,38
19,39
19,37
19,42
19,40
19,44
19,43
19,41
19,45
19,46
19,47
19,48
19,52
19,54
19,53
19,50
19,49
19,55
19,51
19,57
19,56
19,63
19,61
19,59
19,60
19,62
19,66
19,58
19,65
19,64
19,67
19,70
19,68
19,74
19,72
19,69
19,75
19,71
19,78
19,76
19,73
19,79
19,81
19,80
19,77
19,82
19,84
19,85
19,90
19,86
19,83
19,89
19,91
19,88
19,87
19,92
19,93
19,94
19,95
19,97
19,98
19,96
20,1
20,2
20,4
20,6
20,3
20,5
20,7
20,8
20,11
20,9
20,10
20,13
20,12
20,14
20,17
20,18
20,19
20,15
20,16
20,24
20,22
20,20
20,21
20,26
20,25
20,23
20,27
20,30
20,28
20,31
20,29
20,32
20,33
20,34
20,35
20,37
20,36
20,38
20,41
20,42
20,45
20,46
20,43
20,39
20,40
20,44
20,48
20,49
20,47
20,54
20,50
20,52
20,55
20,51
20,53
20,57
20,56
20,62
20,64
20,58
20,61
20,59
20,65
20,63
20,60
20,66
20,70
20,68
20,67
20,73
20,75
20,69
20,72
20,76
20,71
20,77
20,78
20,74
20,79
20,81
20,82
20,84
20,80
20,86
20,89
20,83
20,85
20,87
20,90
20,92
20,91
20,88
20,95
20,98
20,93
20,100
20,96
20,94
20,101
20,97
20,99
20,103
20,106
20,102
20,104
20,105
20,108
20,107
20,109
20,110
20,112
20,111
20,113
20,116
20,117
20,115
20,114
20,119
20,118
20,120
20,122
20,126
20,125
20,127
20,123
20,121
20,124
20,128
20,129
20,134
20,131
20,135
21,1
20,132
21,2
20,133
20,130
21,4
21,10
21,5
21,8
21,9
21,6
21,3
21,7
21,11
21,12
21,15
21,14
21,13
21,19
21,18
21,20
21,16
21,17
21,21
21,23
21,24
21,25
21,29
21,27
21,26
21,22
21,28
21,31
21,30
21,32
21,35
21,33
21,38
21,37
21,36
21,34
21,39
21,41
21,40
21,42
21,43
21,46
21,45
21,49
21,47
21,44
21,48
21,50
21,54
21,51
21,53
21,56
21,52
21,55
21,59
21,57
21,60
21,61
21,58
21,62
21,67
21,66
21,63
21,64
21,70
21,65
21,68
21,69
21,72
21,73
21,77
21,74
21,75
21,71
21,76
21,78
21,79
21,80
21,86
21,81
21,83
21,82
21,85
21,84
21,87
21,88
21,89
21,90
21,94
21,93
21,91
21,92
21,96
21,97
21,98
21,95
21,99
21,102
21,100
21,103
21,101
21,106
21,104
21,107
21,108
21,105
21,111
22,1
21,112
21,109
22,4
22,2
22,3
22,7
22,8
21,110
22,10
22,9
22,6
22,5
22,11
22,13
22,14
22,12
22,16
22,20
22,17
22,19
22,22
22,18
22,15
22,21
22,23
22,24
22,25
22,26
22,29
22,30
22,28
22,27
22,31
22,32
22,33
22,38
22,34
22,35
22,37
22,36
22,39
22,42
22,40
22,41
22,43
22,45
22,48
22,44
22,50
22,51
22,49
22,46
22,47
22,57
22,53
22,54
22,56
22,59
22,52
22,58
22,55
22,62
22,64
22,63
22,60
22,61
22,66
22,68
22,67
22,65
22,69
22,71
22,70
22,76
22,75
22,72
22,74
22,77
22,73
23,7
22,78
23,3
23,4
23,5
23,2
23,6
23,1
23,8
23,9
23,10
23,15
23,11
23,13
23,12
23,14
23,16
23,19
23,22
23,18
23,21
23,23
23,20
23,25
23,17
23,24
23,26
23,29
23,28
23,32
23,31
23,30
23,36
23,33
23,35
23,34
23,27
23,38
23,39
23,37
23,40
23,42
23,44
23,43
23,45
23,41
23,46
23,48
23,47
23,49
23,53
23,54
23,51
23,50
23,52
23,55
23,57
23,56
23,58
23,59
23,65
23,60
23,61
23,66
23,63
23,62
23,64
23,67
23,68
23,69
23,73
23,74
23,72
23,75
23,70
23,76
23,71
23,77
23,78
23,79
23,80
23,81
23,84
23,85
23,83
23,82
23,86
23,88
23,87
23,89
23,94
23,90
23,95
23,93
23,97
23,91
23,92
23,96
23,98
23,99
23,102
23,105
23,104
23,103
23,106
23,101
23,100
23,107
23,110
23,109
23,108
23,111
23,112
23,114
23,113
23,115
23,118
23,117
23,116
24,2
24,6
24,7
24,5
24,1
24,8
24,4
24,3
24,9
24,10
24,14
24,12
24,17
24,15
24,16
24,13
24,18
24,19
24,20
24,11
24,24
24,21
24,23
24,22
24,25
24,27
24,28
24,26
24,30
24,32
24,29
24,33
24,31
24,34
24,38
24,36
24,39
24,37
24,40
24,41
24,42
24,35
24,46
24,48
24,49
24,44
24,45
24,43
24,47
24,50
24,51
24,52
24,57
24,53
24,54
24,56
24,59
24,55
24,60
24,58
24,62
24,61
24,64
25,2
25,3
25,4
25,1
24,63
25,5
25,6
25,7
25,11
25,9
25,8
25,13
25,10
25,14
25,15
25,12
25,17
25,16
25,18
25,19
25,24
25,21
25,23
25,22
25,20
25,25
25,26
25,28
25,31
25,27
25,29
25,35
25,34
25,32
25,33
25,30
25,36
25,39
25,42
25,41
25,37
25,43
25,40
25,38
25,44
25,47
25,46
25,48
25,49
25,51
25,45
25,52
25,50
25,55
25,54
25,53
25,56
25,58
25,57
25,62
25,63
25,65
25,61
25,60
25,59
25,64
25,67
25,66
25,68
25,71
25,69
25,72
25,73
25,70
25,75
25,74
25,76
26,2
25,77
26,3
26,5
26,6
26,1
26,4
26,7
26,8
26,9
26,10
26,12
26,11
26,13
26,16
26,15
26,14
26,17
26,18
26,19
26,26
26,20
26,25
26,23
26,24
26,21
26,27
26,22
26,31
26,30
26,28
26,29
26,32
26,33
26,34
26,37
26,36
26,35
26,38
26,39
26,40
26,42
26,41
26,46
26,43
26,45
26,44
26,47
26,48
26,50
26,49
26,53
26,52
26,51
26,55
26,56
26,54
26,58
26,57
26,61
26,60
26,64
26,59
26,63
26,65
26,62
26,66
26,68
26,67
26,69
26,70
26,73
26,72
26,71
26,75
26,76
26,77
26,74
26,79
26,78
26,80
26,81
26,82
26,85
26,86
26,83
26,84
26,87
26,88
26,90
26,89
26,91
26,92
26,93
26,95
26,96
26,94
26,98
26,99
26,97
26,100
26,103
26,101
26,102
26,105
26,107
26,106
26,110
26,108
26,109
26,104
26,112
26,111
26,113
26,115
26,117
26,116
26,114
26,120
26,118
26,119
26,121
26,124
26,122
26,125
26,126
26,123
26,127
26,129
26,128
26,131
26,135
26,133
26,132
26,134
26,130
26,136
26,138
26,137
26,143
26,139
26,142
26,141
26,140
26,144
26,145
26,148
26,147
26,146
26,150
26,151
26,149
26,152
26,153
26,156
26,154
26,157
26,159
26,162
26,155
26,161
26,158
26,160
26,164
26,163
26,165
26,166
26,170
26,169
26,167
26,168
26,171
26,174
26,173
26,172
26,175
26,178
26,179
26,181
26,176
26,180
26,177
26,182
26,183
26,184
26,185
26,187
26,186
26,188
26,190
26,192
26,191
26,194
26,195
26,193
26,197
26,189
26,198
26,196
26,199
26,203
26,205
26,201
26,206
26,204
26,202
26,207
26,200
26,208
26,211
26,213
26,209
26,210
26,216
26,215
26,212
26,214
26,217
26,218
26,222
26,220
26,221
26,219
26,223
26,225
26,224
26,226
27,2
27,1
27,5
27,3
27,6
27,4
26,227
27,7
27,8
27,9
27,10
27,11
27,13
27,14
27,17
27,15
27,16
27,12
27,18
27,19
27,20
27,21
27,22
27,24
27,23
27,27
27,28
27,26
27,25
27,29
27,30
27,31
27,32
27,33
27,36
27,34
27,38
27,35
27,39
27,37
27,41
27,43
27,46
27,40
27,47
27,42
27,45
27,48
27,44
27,49
27,51
27,53
27,52
27,54
27,50
27,57
27,55
27,56
27,58
27,60
27,61
27,63
27,62
27,59
27,67
27,64
27,66
27,65
27,68
27,71
27,70
27,74
27,73
27,69
27,75
27,77
27,72
27,76
27,78
27,79
27,81
27,83
27,85
27,80
27,87
27,84
27,86
27,88
27,89
27,91
27,82
27,90
27,92
27,93
28,2
28,3
28,1
28,5
28,6
28,4
28,7
28,11
28,9
28,10
28,13
28,8
28,12
28,14
28,15
28,17
28,16
28,18
28,21
28,20
28,26
28,23
28,22
28,24
28,25
28,19
28,27
28,28
28,33
28,29
28,31
28,36
28,34
28,30
28,32
28,35
28,37
28,41
28,39
28,40
28,43
28,38
28,42
28,45
28,44
28,47
28,49
28,50
28,48
28,51
28,46
28,52
28,53
28,54
28,60
28,58
28,55
28,61
28,59
28,57
28,62
28,56
28,69
28,70
28,65
28,63
28,64
28,66
28,67
28,68
28,71
28,73
28,74
28,72
28,75
28,80
28,79
28,76
28,77
28,78
28,81
28,84
28,86
28,82
28,83
28,87
28,88
28,85
29,1
29,4
29,9
29,3
29,5
29,2
29,6
29,7
29,8
29,10
29,11
29,12
29,18
29,16
29,15
29,13
29,17
29,14
29,19
29,22
29,20
29,21
29,24
29,23
29,25
29,28
29,26
29,27
29,29
29,30
29,31
29,32
29,34
29,33
29,39
29,36
29,37
29,40
29,35
29,38
29,41
29,44
29,43
29,42
29,49
29,46
29,45
29,47
29,48
29,52
29,50
29,55
29,54
29,53
29,51
29,57
29,56
29,58
29,59
29,61
29,63
29,62
29,65
29,66
29,64
29,60
29,67
29,68
29,69
30,1
30,2
30,6
30,3
30,7
30,4
30,8
30,5
30,9
30,10
30,11
30,12
30,14
30,16
30,15
30,13
30,19
30,18
30,17
30,20
30,21
30,25
30,23
30,22
30,24
30,26
30,28
30,27
30,31
30,29
30,32
30,33
30,34
30,30
30,35
30,37
30,36
30,38
30,40
30,42
30,41
30,44
30,43
30,39
30,45
30,47
30,46
30,49
30,50
30,48
30,53
30,54
30,52
30,51
30,55
30,56
30,57
30,58
30,60
31,3
31,2
31,1
30,59
31,5
31,4
31,8
31,7
31,6
31,11
31,9
31,10
31,15
31,13
31,14
31,12
31,16
31,18
31,17
31,19
31,22
31,23
31,24
31,25
31,26
31,21
31,20
31,28
31,29
31,31
31,30
31,27
31,32
32,1
32,2
31,34
32,3
32,4
31,33
32,5
32,8
32,6
32,10
32,11
32,7
32,12
32,14
32,15
32,9
32,16
32,13
32,18
32,19
32,17
32,20
32,21
32,25
32,22
32,24
32,26
32,23
32,27
32,28
32,29
33,3
33,2
32,30
33,5
33,1
33,8
33,7
33,6
33,11
33,4
33,10
33,14
33,12
33,9
33,15
33,13
33,18
33,17
33,16
33,19
33,21
33,20
33,24
33,25
33,22
33,27
33,23
33,26
33,29
33,31
33,30
33,28
33,34
33,32
33,35
33,33
33,38
33,39
33,41
33,36
33,42
33,43
33,40
33,44
33,37
33,47
33,45
33,46
33,48
33,49
33,54
33,51
33,52
33,55
33,50
33,53
33,57
33,58
33,56
33,60
33,61
33,63
33,62
33,65
33,64
33,59
33,67
33,68
33,66
33,69
33,71
33,70
33,73
34,4
34,2
34,5
34,3
34,7
34,1
34,6
33,72
34,8
34,9
34,11
34,13
34,10
34,16
34,15
34,12
34,14
34,17
34,22
34,18
34,21
34,25
34,19
34,23
34,24
34,20
34,26
34,32
34,29
34,30
34,27
34,31
34,34
34,33
34,28
34,35
34,37
34,38
34,36
34,42
34,39
34,40
34,41
34,44
34,43
34,48
34,47
34,49
34,50
34,46
34,45
34,51
34,52
34,53
35,2
35,4
34,54
35,6
35,3
35,7
35,1
35,5
35,8
35,9
35,16
35,15
35,17
35,13
35,14
35,12
35,10
35,11
35,19
35,18
35,23
35,20
35,21
35,24
35,22
35,26
35,25
35,27
35,30
35,28
35,29
35,34
35,31
35,33
35,32
35,36
35,38
35,37
35,35
35,40
35,39
35,41
35,44
35,43
35,42
36,4
36,2
35,45
36,1
36,5
36,3
36,7
36,6
36,10
36,9
36,11
36,12
36,13
36,8
36,14
36,15
36,16
36,17
36,19
36,18
36,22
36,21
36,20
36,23
36,24
36,25
36,26
36,28
36,30
36,27
36,32
36,33
36,31
36,29
36,34
36,37
36,35
36,41
36,36
36,38
36,42
36,39
36,40
36,44
36,43
36,49
36,50
36,46
36,48
36,45
36,47
36,51
36,52
36,53
36,54
36,57
36,58
36,55
36,56
36,60
36,59
36,62
36,61
36,63
36,64
36,65
36,67
36,68
36,66
36,70
36,69
36,72
36,73
36,71
36,76
36,74
36,75
36,77
36,78
36,79
36,81
36,83
36,82
37,2
36,80
37,3
37,4
37,1
37,6
37,5
37,7
37,9
37,13
37,15
37,12
37,8
37,14
37,16
37,17
37,11
37,10
37,20
37,19
37,18
37,25
37,21
37,24
37,22
37,23
37,27
37,26
37,29
37,28
37,30
37,33
37,31
37,32
37,35
37,34
37,38
37,37
37,36
37,40
37,39
37,42
37,41
37,43
37,44
37,46
37,45
37,50
37,47
37,49
37,48
37,51
37,54
37,52
37,53
37,55
37,56
37,58
37,59
37,57
37,61
37,60
37,62
37,66
37,64
37,69
37,67
37,68
37,63
37,70
37,65
37,72
37,71
37,76
37,73
37,75
37,74
37,80
37,77
37,81
37,78
37,79
37,82
37,85
37,84
37,86
37,83
37,87
37,90
37,88
37,91
37,89
37,92
37,94
37,93
37,95
37,96
37,97
37,98
37,99
37,100
37,108
37,101
37,104
37,102
37,105
37,103
37,106
37,107
37,109
37,110
37,111
37,114
37,116
37,115
37,112
37,113
37,119
37,117
37,118
37,120
37,121
37,122
37,124
37,123
37,127
37,128
37,129
37,131
37,126
37,132
37,125
37,130
37,133
37,135
37,134
37,136
37,137
37,138
37,139
37,140
37,141
37,142
37,143
37,144
37,145
37,150
37,152
37,146
37,147
37,151
37,154
37,149
37,148
37,153
37,155
37,157
37,156
37,160
37,159
37,161
37,163
37,162
37,165
37,164
37,166
37,158
37,167
37,170
37,168
37,169
37,171
37,175
37,172
37,173
37,174
37,178
37,179
37,177
37,176
37,180
37,181
37,182
38,3
38,2
38,5
38,1
38,4
38,9
38,6
38,8
38,7
38,10
38,11
38,13
38,12
38,14
38,15
38,16
38,17
38,20
38,18
38,21
38,22
38,19
38,25
38,23
38,27
38,28
38,30
38,26
38,29
38,24
38,32
38,31
38,36
38,39
38,35
38,40
38,33
38,38
38,37
38,34
38,46
38,47
38,45
38,42
38,43
38,41
38,48
38,44
38,49
38,55
38,53
38,50
38,54
38,51
38,56
38,52
38,58
38,57
38,62
38,64
38,61
38,60
38,59
38,63
38,65
38,66
38,67
38,73
38,68
38,72
38,70
38,74
38,69
38,75
38,71
38,79
38,76
38,80
38,77
38,81
38,83
38,78
38,82
38,84
38,85
38,87
38,86
39,2
38,88
39,1
39,3
39,4
39,5
39,7
39,6
39,13
39,8
39,12
39,11
39,9
39,10
39,14
39,19
39,15
39,16
39,20
39,22
39,21
39,24
39,18
39,17
39,25
39,26
39,23
39,27
39,30
39,31
39,34
39,28
39,33
39,29
39,32
39,35
39,38
39,37
39,39
39,41
39,40
39,36
39,42
39,50
39,43
39,46
39,48
39,47
39,45
39,44
39,49
39,51
39,52
39,54
39,58
39,55
39,56
39,57
39,59
39,53
39,61
39,60
39,63
39,66
39,62
39,64
39,65
39,69
39,70
39,67
39,72
39,68
39,74
39,71
39,73
40,1
39,75
40,2
40,3
40,6
40,4
40,5
40,7
40,8
40,9
40,10
40,12
40,14
40,13
40,11
40,15
40,17
40,16
40,18
40,22
40,21
40,19
40,23
40,20
40,24
40,25
40,26
40,27
40,31
40,30
40,29
40,33
40,32
40,28
40,35
40,36
40,34
40,41
40,39
40,40
40,38
40,42
40,37
40,43
40,44
40,45
40,47
40,48
40,49
40,46
40,51
40,54
40,50
40,52
40,53
40,56
40,55
40,59
40,63
40,57
40,61
40,62
40,58
40,65
40,60
40,64
40,69
40,70
40,68
40,67
40,66
40,71
40,73
40,72
40,74
40,77
40,75
40,76
40,79
40,80
40,81
40,78
40,84
40,82
41,2
40,83
41,4
40,85
41,1
41,3
41,6
41,8
41,7
41,5
41,9
41,15
41,13
41,11
41,12
41,10
41,14
41,16
41,18
41,17
41,23
41,21
41,20
41,22
41,19
41,24
41,25
41,31
41,28
41,32
41,27
41,26
41,29
41,30
41,33
41,35
41,41
41,38
41,34
41,39
41,37
41,42
41,36
41,40
41,43
41,46
41,49
41,47
41,48
41,51
41,50
41,44
41,45
41,52
42,4
41,54
42,1
42,2
42,3
42,5
41,53
42,6
42,7
42,9
42,10
42,12
42,8
42,11
42,13
42,15
42,14
42,18
42,16
42,22
42,17
42,21
42,19
42,20
42,25
42,23
42,24
42,28
42,26
42,29
42,27
42,30
42,31
42,32
42,33
42,36
42,34
42,35
42,41
42,39
42,40
42,37
42,38
42,43
42,42
42,44
42,47
42,45
42,46
42,49
42,48
42,50
42,51
43,3
43,1
42,53
43,6
43,2
43,5
43,4
42,52
43,7
43,9
43,8
43,10
43,13
43,11
43,14
43,12
43,16
43,15
43,17
43,21
43,19
43,20
43,25
43,22
43,18
43,23
43,24
43,27
43,26
43,30
43,34
43,28
43,29
43,33
43,35
43,31
43,36
43,37
43,39
43,41
43,32
43,40
43,42
43,38
43,43
43,44
43,46
43,47
43,50
43,48
43,49
43,52
43,51
43,45
43,54
43,56
43,53
43,55
43,59
43,57
43,62
43,64
43,63
43,58
43,60
43,65
43,61
43,66
43,68
43,69
43,67
43,72
43,71
43,70
43,75
43,73
43,74
43,76
43,77
43,78
43,82
43,79
43,81
43,83
43,80
43,84
43,85
43,87
43,88
43,86
43,89
44,1
44,5
44,8
44,2
44,4
44,6
44,3
44,7
44,9
44,10
44,11
44,12
44,13
44,15
44,17
44,16
44,14
44,18
44,19
44,21
44,23
44,22
44,25
44,27
44,26
44,28
44,20
44,24
44,30
44,33
44,31
44,36
44,29
44,32
44,35
44,34
44,40
44,38
44,42
44,41
44,37
44,39
44,44
44,43
44,45
44,46
44,47
44,48
44,50
44,52
44,51
44,49
44,53
44,55
44,56
44,59
44,57
44,58
45,2
44,54
45,1
45,3
45,6
45,5
45,9
45,7
45,4
45,10
45,11
45,8
45,15
45,12
45,13
45,16
45,17
45,14
45,19
45,18
45,21
45,20
45,25
45,26
45,22
45,27
45,29
45,24
45,28
45,31
45,23
45,30
45,32
45,33
45,37
45,34
45,36
46,2
45,35
46,1
46,4
46,3
46,5
46,7
46,6
46,8
46,14
46,13
46,12
46,9
46,10
46,16
46,11
46,18
46,15
46,17
46,20
46,22
46,23
46,19
46,24
46,25
46,26
46,27
46,21
46,30
46,28
46,32
46,31
46,29
46,34
46,33
46,35
47,6
47,3
47,2
47,5
47,8
47,7
47,1
47,10
47,11
47,9
47,14
47,4
47,13
47,12
47,17
47,15
47,16
47,18
47,25
47,21
47,23
47,20
47,22
47,26
47,24
47,19
47,28
47,34
47,27
47,29
47,33
47,32
47,31
47,30
47,38
47,36
47,37
48,4
48,3
47,35
48,2
48,1
48,6
48,5
48,7
48,8
48,13
48,12
48,9
48,14
48,10
48,11
48,16
48,17
48,15
48,19
48,22
48,21
48,18
48,20
48,23
48,25
48,26
48,28
48,24
48,27
49,2
49,1
48,29
49,3
49,5
49,8
49,7
49,9
49,4
49,10
49,6
49,11
49,12
49,13
49,18
49,15
49,14
49,16
49,17
50,3
50,2
50,1
50,9
50,4
50,7
50,10
50,6
50,8
50,5
50,11
50,14
50,13
50,12
50,15
50,19
50,16
50,18
50,17
50,20
50,22
50,25
50,21
50,27
50,26
50,23
50,24
50,28
50,29
50,30
50,34
50,31
50,35
50,32
50,33
50,37
50,36
50,38
50,39
50,42
50,43
50,44
50,41
50,45
50,40
51,2
51,3
51,1
51,6
51,5
51,4
51,7
51,10
51,12
51,11
51,14
51,8
51,9
51,13
51,16
51,15
51,18
51,17
51,19
51,21
51,20
51,24
51,23
51,22
51,26
51,27
51,28
51,25
51,32
51,31
51,30
51,29
51,35
51,33
51,36
51,34
51,39
51,42
51,38
51,37
51,44
51,43
51,41
51,40
51,45
51,46
51,48
51,47
51,51
51,53
51,52
51,49
51,50
51,54
51,55
51,58
51,56
51,60
51,59
51,57
52,2
52,5
52,3
52,4
52,1
52,10
52,7
52,8
52,9
52,12
52,11
52,13
52,6
52,14
52,15
52,16
52,18
52,19
52,17
52,22
52,20
52,21
52,23
52,24
52,25
52,26
52,27
52,29
52,31
52,28
52,33
52,34
52,32
52,35
52,30
52,36
52,38
52,37
52,41
52,43
52,45
52,40
52,46
52,44
52,39
52,42
52,47
52,48
53,3
52,49
53,4
53,5
53,2
53,6
53,8
53,7
53,1
53,12
53,11
53,10
53,9
53,13
53,14
53,17
53,16
53,15
53,20
53,21
53,19
53,18
53,22
53,23
53,25
53,24
53,26
53,28
53,27
53,29
53,33
53,30
53,31
53,32
53,34
53,35
53,36
53,41
53,37
53,40
53,43
53,39
53,42
53,38
53,44
53,48
53,46
53,47
53,45
53,51
53,52
53,50
53,49
53,53
53,55
53,54
53,56
53,58
53,57
53,59
53,60
53,61
54,5
53,62
54,4
54,3
54,2
54,8
54,6
54,7
54,1
54,9
54,11
54,10
54,12
54,18
54,13
54,14
54,16
54,20
54,15
54,19
54,17
54,21
54,23
54,22
54,25
54,26
54,29
54,30
54,24
54,28
54,27
54,32
54,31
54,33
54,36
54,35
54,38
54,40
54,41
54,34
54,39
54,37
54,42
54,46
54,44
54,43
54,47
54,45
54,48
54,49
54,50
54,51
54,52
54,55
54,53
54,54
55,2
55,3
55,1
55,4
55,11
55,12
55,10
55,9
55,6
55,8
55,5
55,7
55,13
55,18
55,14
55,16
55,19
55,21
55,15
55,20
55,22
55,17
55,23
55,25
55,26
55,28
55,30
55,32
55,27
55,24
55,31
55,29
55,34
55,40
55,38
55,35
55,36
55,37
55,33
55,39
55,42
55,41
55,44
55,45
55,43
55,46
55,47
55,48
55,50
55,49
55,51
55,53
55,52
55,55
55,54
55,57
55,58
55,59
55,56
55,61
55,60
55,63
55,62
55,65
55,64
55,67
55,66
55,69
55,68
55,71
55,70
55,73
55,72
55,75
55,77
55,74
55,76
55,78
56,2
56,1
56,3
56,4
56,6
56,5
56,7
56,8
56,12
56,9
56,11
56,10
56,14
56,13
56,15
56,16
56,18
56,17
56,19
56,20
56,21
56,24
56,22
56,23
56,26
56,28
56,31
56,30
56,25
56,29
56,27
56,32
56,33
56,37
56,38
56,39
56,36
56,35
56,40
56,41
56,34
56,44
56,43
56,47
56,48
56,42
56,45
56,49
56,46
56,50
56,51
56,54
56,52
56,53
56,57
56,56
56,59
56,58
56,55
56,62
56,61
56,60
56,67
56,65
56,68
56,66
56,63
56,71
56,64
56,70
56,69
56,72
56,73
56,74
56,76
56,77
56,78
56,75
56,80
56,83
56,82
56,79
56,81
56,85
56,84
56,88
56,89
56,86
56,90
56,91
56,92
56,87
56,94
56,93
56,95
56,96
57,2
57,1
57,3
57,4
57,5
57,6
57,9
57,7
57,8
57,10
57,12
57,11
57,15
57,14
57,13
57,17
57,18
57,19
57,21
57,23
57,16
57,20
57,22
57,24
57,26
57,28
58,2
58,4
57,29
58,3
58,1
57,27
57,25
58,5
58,6
58,9
58,10
58,7
58,14
58,12
58,8
58,11
58,13
58,15
58,16
58,19
58,17
58,21
58,20
58,18
59,3
59,4
59,1
58,22
59,2
59,8
59,6
59,12
59,5
59,13
59,9
59,10
59,11
59,7
59,14
59,15
59,17
59,20
59,18
59,19
59,21
59,16
59,23
59,22
60,3
60,2
60,6
60,5
59,24
60,7
60,4
60,9
60,1
60,8
60,11
61,1
60,10
60,13
60,12
61,2
61,3
61,4
61,7
61,12
61,11
61,5
61,9
61,10
61,8
61,6
61,13
62,4
62,1
61,14
62,7
62,3
62,5
62,2
62,6
62,8
62,10
63,2
62,9
63,3
63,5
63,1
63,4
63,6
62,11
63,11
63,10
63,9
64,2
63,7
64,3
63,8
64,4
64,1
64,5
64,6
64,8
64,12
64,7
64,10
64,9
64,11
64,13
64,18
64,15
64,14
64,16
64,17
65,3
65,1
65,2
65,5
65,9
65,8
65,6
65,4
65,10
65,7
65,11
65,12
66,6
66,5
66,2
66,7
66,3
66,4
66,1
66,8
66,9
66,10
66,11
67,7
67,4
67,6
67,1
67,3
67,2
67,5
66,12
67,12
67,8
67,11
67,9
67,10
67,13
67,14
67,15
67,16
67,17
67,20
67,18
67,21
67,19
67,22
67,23
67,24
67,25
67,26
67,27
67,29
67,28
68,3
68,2
68,6
68,7
68,1
67,30
68,5
68,4
68,8
68,11
68,12
68,13
68,15
68,9
68,14
68,10
68,16
68,17
68,19
68,21
68,18
68,23
68,25
68,20
68,22
68,24
68,26
68,27
68,29
68,28
68,30
68,31
68,34
68,36
68,32
68,35
68,37
68,33
68,38
68,39
68,40
68,43
68,45
68,41
68,42
68,47
68,46
68,44
68,48
68,49
68,50
69,2
69,4
68,52
68,51
69,3
69,1
69,6
69,5
69,10
69,7
69,9
69,11
69,8
69,12
69,13
69,15
69,14
69,16
69,18
69,23
69,21
69,22
69,24
69,19
69,20
69,26
69,25
69,17
69,31
69,27
69,28
69,30
69,29
69,33
69,34
69,37
69,35
69,32
69,36
69,38
69,39
69,40
69,41
69,45
69,46
69,47
69,43
69,44
69,48
69,42
69,49
69,50
69,52
69,51
70,5
70,2
70,6
70,4
70,3
70,1
70,7
70,8
70,9
70,10
70,13
70,12
70,14
70,16
70,11
70,15
70,18
70,17
70,20
70,21
70,19
70,22
70,24
70,27
70,25
70,23
70,26
70,29
70,28
70,31
70,30
70,33
70,35
70,32
70,34
70,36
70,37
70,38
70,39
70,42
70,43
70,41
71,2
70,44
70,40
71,3
71,1
71,4
71,5
71,8
71,6
71,9
71,10
71,7
71,11
71,12
71,18
71,15
71,19
71,16
71,13
71,14
71,20
71,17
71,21
71,22
71,27
71,28
71,26
71,24
71,25
72,2
72,3
71,23
72,5
72,4
72,1
72,9
72,13
72,11
72,12
72,10
72,7
72,8
72,6
72,14
72,15
72,21
72,17
72,20
72,19
72,22
72,16
72,23
72,18
72,24
72,25
72,26
73,3
73,5
72,28
73,2
72,27
73,4
73,6
73,1
73,8
73,7
73,9
73,10
73,12
73,14
73,16
73,11
73,15
73,13
73,18
73,19
73,17
74,3
74,2
74,1
73,20
74,5
74,6
74,7
74,4
74,9
74,8
74,10
74,12
74,15
74,13
74,11
74,14
74,17
74,16
74,19
74,18
74,27
74,22
74,21
74,20
74,23
74,26
74,25
74,24
74,28
74,35
74,34
74,33
74,32
74,30
74,29
74,36
74,31
74,42
74,41
74,40
74,38
74,45
74,44
74,37
74,47
74,46
74,39
74,43
74,50
74,49
74,51
74,53
74,55
74,48
74,54
74,52
75,2
75,3
75,6
75,1
75,5
75,7
74,56
75,4
75,8
75,11
75,12
75,10
75,13
75,17
75,9
75,15
75,14
75,16
75,18
75,20
75,24
75,19
75,21
75,25
75,22
75,26
75,23
75,28
75,27
75,30
75,29
75,32
75,34
75,33
75,31
75,35
75,36
75,37
75,40
75,39
75,38
76,4
76,2
76,3
76,6
76,5
76,1
76,7
76,9
76,10
76,11
76,13
76,14
76,15
76,8
76,12
76,16
76,19
76,17
76,18
76,23
76,20
76,22
76,21
76,25
76,27
76,24
76,29
76,28
76,31
76,26
76,30
77,1
77,4
77,2
77,3
77,8
77,5
77,7
77,9
77,10
77,12
77,6
77,11
77,16
77,15
77,14
77,19
77,17
77,18
77,13
77,20
77,21
77,22
77,24
77,23
77,25
77,29
77,26
77,27
77,28
77,34
77,31
77,30
77,36
77,35
77,37
77,32
77,33
77,40
77,38
77,44
77,39
77,42
77,41
77,45
77,43
77,47
77,46
77,49
77,48
78,3
78,4
77,50
78,2
78,1
78,5
78,6
78,7
78,9
78,10
78,8
78,13
78,11
78,12
78,14
78,18
78,20
78,15
78,16
78,17
78,19
78,21
78,22
78,25
78,23
78,24
78,27
78,29
78,28
78,26
78,30
78,31
78,32
78,35
78,34
78,36
78,37
78,33
78,39
78,38
79,2
78,40
79,1
79,4
79,3
79,7
79,5
79,6
79,8
79,9
79,12
79,17
79,10
79,11
79,14
79,13
79,16
79,15
79,18
79,21
79,22
79,19
79,23
79,20
79,26
79,25
79,24
79,27
79,28
79,29
79,30
79,35
79,31
79,34
79,37
79,38
79,36
79,32
79,33
79,39
79,44
79,41
79,42
79,43
79,45
79,40
79,46
80,1
80,5
80,3
80,6
80,8
80,7
80,9
80,4
80,2
80,10
80,11
80,14
80,12
80,16
80,18
80,17
80,15
80,13
80,19
80,20
80,22
80,23
80,21
80,25
80,27
80,26
80,24
80,28
80,30
80,31
80,29
80,32
80,33
80,37
80,34
80,35
80,38
80,41
80,36
80,39
80,40
80,42
81,3
81,1
81,2
81,4
81,6
81,8
81,5
81,9
81,7
81,11
81,10
81,14
81,12
81,13
81,15
81,18
81,16
81,17
81,19
81,21
81,20
81,27
81,23
81,25
81,22
81,26
81,24
81,28
82,4
82,2
82,6
82,3
82,5
82,1
81,29
82,7
82,14
82,13
82,9
82,8
82,11
82,10
82,15
82,12
82,17
82,16
83,3
83,4
83,5
83,2
82,18
82,19
83,6
83,1
83,7
83,8
83,10
83,12
83,9
83,11
83,13
83,16
83,17
83,15
83,14
83,19
83,18
83,20
83,23
83,22
83,24
83,21
83,25
83,27
83,26
83,30
83,28
83,29
83,31
83,32
83,33
83,35
83,34
84,2
83,36
84,4
84,3
84,1
84,5
84,7
84,11
84,12
84,8
84,9
84,6
84,10
84,13
84,14
84,15
84,20
84,16
84,18
84,17
84,21
84,22
84,19
84,23
84,24
84,25
85,6
85,1
85,3
85,2
85,5
85,4
85,12
85,9
85,8
85,14
85,11
85,13
85,15
85,10
85,7
85,16
85,17
85,18
85,20
85,19
86,2
85,21
86,5
86,3
85,22
86,1
86,4
86,6
86,7
86,10
86,9
86,14
86,15
86,13
86,8
86,12
86,11
86,16
86,17
87,2
87,5
87,1
87,4
87,3
87,6
87,8
87,7
87,9
87,11
87,10
87,16
87,17
87,14
87,15
87,12
87,13
87,18
87,19
88,4
88,5
88,2
88,8
88,7
88,6
88,3
88,1
88,9
88,10
88,11
88,13
88,14
88,15
88,12
88,16
88,18
88,17
88,21
88,19
88,23
88,24
88,20
88,25
88,22
88,26
89,5
89,4
89,1
89,8
89,6
89,3
89,7
89,2
89,11
89,13
89,12
89,14
89,17
89,15
89,16
89,18
89,9
89,10
89,21
89,20
89,25
89,26
89,19
89,24
89,22
89,23
89,28
89,27
89,29
90,4
90,5
89,30
90,3
90,1
90,2
90,7
90,6
90,12
90,8
90,9
90,15
90,11
90,10
90,14
90,13
90,18
90,16
90,17
90,19
90,20
91,2
91,1
91,4
91,6
91,5
91,3
91,10
91,9
91,7
91,11
91,8
91,14
91,12
92,2
91,13
92,1
91,15
92,4
92,8
92,5
92,3
92,6
92,9
92,10
92,7
92,14
92,12
92,11
92,18
92,13
92,16
92,17
92,15
92,19
92,21
92,20
93,5
93,2
93,4
93,6
93,1
93,3
93,7
93,9
94,3
93,8
93,10
94,2
93,11
94,4
94,1
94,5
94,6
94,8
94,7
95,2
95,3
95,1
95,4
95,5
95,6
95,8
95,7
96,1
96,2
96,4
96,5
96,3
96,8
96,7
96,6
96,13
96,11
96,14
96,12
96,15
96,9
96,16
96,10
96,17
97,2
96,18
97,3
96,19
97,5
97,4
98,2
97,1
98,1
98,3
98,7
98,6
98,5
98,8
99,2
98,4
99,3
99,1
99,4
99,5
99,6
99,7
99,8
100,2
100,4
100,1
100,3
100,5
100,6
100,8
101,2
100,7
100,9
100,10
100,11
101,3
101,1
101,4
101,6
101,5
101,8
101,10
101,7
101,9
101,11
102,4
102,3
102,5
102,6
102,7
102,2
102,1
103,2
102,8
103,1
104,2
103,3
104,5
104,4
104,3
104,1
104,6
104,8
104,7
105,2
104,9
105,3
105,4
106,3
106,2
105,1
106,1
105,5
106,4
107,2
107,1
107,6
107,3
107,5
107,4
107,7
108,2
108,1
108,3
109,2
109,4
109,5
109,3
110,1
109,1
110,2
109,6
110,3
111,1
111,3
111,2
111,4
112,3
111,5
112,2
112,1
112,4
113,2
113,1
113,3
114,1
114,3
114,2
114,4
113,5
113,4
114,5
114,6
